00000000000000000000000000000
01100111110011111001111100110
10031000003100000310000031003
01200111120011112001111200120
00000000000000000000000000000
01100111110011111001111100110
10031000003100000310000031003
01200111120011112001111200120
00000000000000000000000000000
01100111110011111001111100110
10031000003100000310000031003
01200111120011112001111200120
00000000000000000000000000000
01100111110011111001111100110
10031000003100000310000031003
01200111120011112001111200120
00000000000000000000000000000
01100111110011111001111100110
10031000003100000310000031003
01200111120011112001111200120
00000000000000000000000000000
01100111110011111001111100110
10031000003100000310000031003
01200111120011112001111200120
00000000000000000000000000000
00000000000000000000000000000
