0000000000000000000000000000000000000000000000000000000000000000000000000000000000000000000000000000
0000000000000000000000000000000000000000000000000000000000000000000000000000000000000000000000000000
0000000000000000000000000000000000000000000000000000000000000000000000000000000000000000000000000000
0000000000000000000000000000000000000000000000000000000000000000000000000000000000000000000000000000
0111110000000000000000000000000000000000000000000000000000000000000000000000000000000000000000000000
1000003000000000000000000000000000000000000000000000000000000000000000000000000000000000000000000000
0111120100011000000000000000000000000000000000000000000000000000000000000000000000000000000000000000
0000000023100100001100000000000000000000000000000000000000000000000000000000000000000000000000000000
0000000000001111110030000000000000000000000000000000000000000000000000000000000000000000000000000000
0000000023100100001201000000011110000000000000000000000000000000000000000000000000000000000000000000
0111110100011000000000100000100001110000000000000000000000000000000000000000000000000000000000000000
1000003000000000000000010001001010001000000000000111110011001100110000000000000000000000000000000000
0111120000000000000000002310011100001000000000001000003110111011101000000000000000000000000000000000
0000000000000000000000000000101010101000000000010111120011001100110100000000000000000000000000000000
0111110000000000000000002300100001110000111110100000000000000000000010111110011001100110011001111100
1000003000000000000000010010100000101111000003000000000000000000000001000003110111011003100310000030
0111120100011000000000100010100000000000111120100000000000000000000010111120011001100120012001111200
0000000023100100001101000001000000000000000000010111110011001100110100000000000000000000000000000000
0000000000001111110030000000000000000000000000001000003110111011101000000000000000000000000000000000
0000000023100100001200000000000000000000000000000111120011001100110000000000000000000000000000000000
0111110100011000000000000000000000000000000000000000000000000000000000000000000000000000000000000000
1000003000000000000000000000000000000000000000000000000000000000000000000000000000000000000000000000
0111120000000000000000000000000000000000000000000000000000000000000000000000000000000000000000000000
0000000000000000000000000000000000000000000000000000000000000000000000000000000000000000000000000000
0111110000000000000000000000000000000000000000000000000000000000000000000000000000000000000000000000
1000003000000000000000000000000000000000000000000000000000000000000000000000000000000000000000000000
0111120100011000000000000000000000000000000000000000000000000000000000000000000000000000000000000000
0000000023100100001100000000000000000000000000000000000000000000000000000000000000000000000000000000
0000000000001111110030000000000000000000000000000000000000000000000000000000000000000000000000000000
0000000023100100001201000000011110000000000000000000000000000000000000000000000000000000000000000000
0111110100011000000000100000100001110000000000000000000000000000000000000000000000000000000000000000
1000003000000000000000010001001010001000000000000111110011001100110000000000000000000000000000000000
0111120000000000000000002310011100001000000000001000003110111011101000000000000000000000000000000000
0000000000000000000000000000101010101000000000010111120011001100110100000000000000000000000000000000
0111110000000000000000002300100001110000111110100000000000000000000010111110011001100110011001111100
1000003000000000000000010010100000101111000003000000000000000000000001000003110111011003100310000030
0111120100011000000000100010100000000000111120100000000000000000000010111120011001100120012001111200
0000000023100100001101000001000000000000000000010111110011001100110100000000000000000000000000000000
0000000000001111110030000000000000000000000000001000003110111011101000000000000000000000000000000000
0000000023100100001200000000000000000000000000000111120011001100110000000000000000000000000000000000
0111110100011000000000000000000000000000000000000000000000000000000000000000000000000000000000000000
1000003000000000000000000000000000000000000000000000000000000000000000000000000000000000000000000000
0111120000000000000000000000000000000000000000000000000000000000000000000000000000000000000000000000
0000000000000000000000000000000000000000000000000000000000000000000000000000000000000000000000000000
0111110000000000000000000000000000000000000000000000000000000000000000000000000000000000000000000000
1000003000000000000000000000000000000000000000000000000000000000000000000000000000000000000000000000
0111120100011000000000000000000000000000000000000000000000000000000000000000000000000000000000000000
0000000023100100001100000000000000000000000000000000000000000000000000000000000000000000000000000000
0000000000001111110030000000000000000000000000000000000000000000000000000000000000000000000000000000
0000000023100100001201000000011110000000000000000000000000000000000000000000000000000000000000000000
0111110100011000000000100000100001110000000000000000000000000000000000000000000000000000000000000000
1000003000000000000000010001001010001000000000000111110011001100110000000000000000000000000000000000
0111120000000000000000002310011100001000000000001000003110111011101000000000000000000000000000000000
0000000000000000000000000000101010101000000000010111120011001100110100000000000000000000000000000000
0111110000000000000000002300100001110000111110100000000000000000000010111110011001100110011001111100
1000003000000000000000010010100000101111000003000000000000000000000001000003110111011003100310000030
0111120100011000000000100010100000000000111120100000000000000000000010111120011001100120012001111200
0000000023100100001101000001000000000000000000010111110011001100110100000000000000000000000000000000
0000000000001111110030000000000000000000000000001000003110111011101000000000000000000000000000000000
0000000023100100001200000000000000000000000000000111120011001100110000000000000000000000000000000000
0111110100011000000000000000000000000000000000000000000000000000000000000000000000000000000000000000
1000003000000000000000000000000000000000000000000000000000000000000000000000000000000000000000000000
0111120000000000000000000000000000000000000000000000000000000000000000000000000000000000000000000000
0000000000000000000000000000000000000000000000000000000000000000000000000000000000000000000000000000
0111110000000000000000000000000000000000000000000000000000000000000000000000000000000000000000000000
1000003000000000000000000000000000000000000000000000000000000000000000000000000000000000000000000000
0111120100011000000000000000000000000000000000000000000000000000000000000000000000000000000000000000
0000000023100100001100000000000000000000000000000000000000000000000000000000000000000000000000000000
0000000000001111110030000000000000000000000000000000000000000000000000000000000000000000000000000000
0000000023100100001201000000011110000000000000000000000000000000000000000000000000000000000000000000
0111110100011000000000100000100001110000000000000000000000000000000000000000000000000000000000000000
1000003000000000000000010001001010001000000000000111110011001100110000000000000000000000000000000000
0111120000000000000000002310011100001000000000001000003110111011101000000000000000000000000000000000
0000000000000000000000000000101010101000000000010111120011001100110100000000000000000000000000000000
0111110000000000000000002300100001110000111110100000000000000000000010111110011001100110011001111100
1000003000000000000000010010100000101111000003000000000000000000000001000003110111011003100310000030
0111120100011000000000100010100000000000111120100000000000000000000010111120011001100120012001111200
0000000023100100001101000001000000000000000000010111110011001100110100000000000000000000000000000000
0000000000001111110030000000000000000000000000001000003110111011101000000000000000000000000000000000
0000000023100100001200000000000000000000000000000111120011001100110000000000000000000000000000000000
0111110100011000000000000000000000000000000000000000000000000000000000000000000000000000000000000000
1000003000000000000000000000000000000000000000000000000000000000000000000000000000000000000000000000
0111120000000000000000000000000000000000000000000000000000000000000000000000000000000000000000000000
0000000000000000000000000000000000000000000000000000000000000000000000000000000000000000000000000000
0000000000000000000000000000000000000000000000000000000000000000000000000000000000000000000000000000
0000000000000000000000000000000000000000000000000000000000000000000000000000000000000000000000000000
0000000000000000000000000000000000000000000000000000000000000000000000000000000000000000000000000000
0000000000000000000000000000000000000000000000000000000000000000000000000000000000000000000000000000
0000000000000000000000000000000000000000000000000000000000000000000000000000000000000000000000000000
0000000000000000000000000000000000000000000000000000000000000000000000000000000000000000000000000000
0000000000000000000000000000000000000000000000000000000000000000000000000000000000000000000000000000
0000000000000000000000000000000000000000000000000000000000000000000000000000000000000000000000000000
0000000000000000000000000000000000000000000000000000000000000000000000000000000000000000000000000000
0000000000000000000000000000000000000000000000000000000000000000000000000000000000000000000000000000
0000000000000000000000000000000000000000000000000000000000000000000000000000000000000000000000000000
0000000000000000000000000000000000000000000000000000000000000000000000000000000000000000000000000000
0000000000000000000000000000000000000000000000000000000000000000000000000000000000000000000000000000
0000000000000000000000000000000000000000000000000000000000000000000000000000000000000000000000000000
0000000000000000000000000000000000000000000000000000000000000000000000000000000000000000000000000000
0000000000000000000000000000000000000000000000000000000000000000000000000000000000000000000000000000
