000000000000000000000000000000
000000000000000000000000000000
002311231123112311231123000000
001000000000000000000001000000
001011231123112311231101000000
003030000000000000000202000000
002020231123112311230303000000
001010100000000000010101000000
001010101123112311010101000000
003030303000000002020202000000
002020202023112303030303000000
001010101010000101010101000000
001010101010110101010101000000
003030303030120202020202000000
002020202021130303030303000000
001010101000000101010101000000
001010101321132101010101000000
003030300000000002020202000000
002020211321132113030303000000
001010000000000000010101000000
001013211321132113210101000000
003000000000000000000202000000
002113211321132113211303000000
000000000000000000000001000000
002113211321132113211321000000
000000000000000000000000000000
000000000000000000000000000000
000000000000000000000000000000
000000000000000000000000000000
000000000000000000000000000000
