00000000000000000000
00000011110000000000
00000100001110000000
00001001010001000000
02310011100001000000
00000101010101000000
02300100001110000000
00010100000101110000
00010100000000000000
00001000000000000000
00000000000000000000
00001100000000000000
02310010000001100000
00000111110011010000
02310010000001100000
00001100000000000000
00000000000000000000
00000000000000000000
00000000000000000000
00111110000011000000
01000003000100300000
00111120000012000000
00000000000000000000
00000000000000000000
00000000000000000000
