00000000000000000000000000000
00000011110000000000000000000
00000100002310000000000000000
00001001010001000000000000000
02310023100001000000000000000
10000101010101000000000000011
02300100001110000110023001100
00010100000101123101110211011
00010100000000000110011001100
00001000000000000000000000000
00000000000000000000000000000
00000012310000000000000000000
00000100001110000000000000000
00001001010001000000000000000
02310011100001000000000000000
10000101010101000000000000011
02300100001120000110011001100
00010100000103111102310111011
00010300000000000110011001100
00002000000000000000000000000
00000000000000000000000000000
00000000000000000000000000000
00000000000000000000000000000
00000000000000000000000000000
00000000000000000000000000000
00000000000000000000000000000
